 #        x               p(x)
  -3.0000000000000000       -11.150000000000000        33.450000000000003     
  -2.9940000000000002       -11.024449352324005        33.007201360858076     
  -2.9880000000000000       -10.899794821184001        32.568586925697794     
  -2.9820000000000002       -10.776032530244008        32.134129005187631     
  -2.9760000000000000       -10.653158610944002        31.703800026169350     
  -2.9700000000000002       -10.531169202500005        31.277572531425015     
  -2.9640000000000000       -10.410060451904002        30.855419179443462     
  -2.9580000000000002       -10.289828513924004        30.437312744187206     
  -2.9520000000000000       -10.170469551104002        30.023226114859014     
  -2.9460000000000002       -10.051979733764005        29.613132295668763     
  -2.9399999999999999       -9.9343552399999968        29.207004405599989     
  -2.9340000000000002       -9.8175922556840032        28.804815678176865     
  -2.9279999999999999       -9.7016869744639997        28.406539461230590     
  -2.9220000000000002       -9.5866355977640030        28.012149216666419     
  -2.9159999999999999       -9.4724343347839977        27.621618520230136     
  -2.9100000000000001       -9.3590794025000044        27.234921061275013     
  -2.9039999999999999       -9.2465670256639996        26.852030642528256     
  -2.8980000000000001       -9.1348934368040027        26.472921179858002     
  -2.8919999999999999       -9.0240548762240014        26.097566702039810     
  -2.8860000000000001       -8.9140475920040014        25.725941350523549     
  -2.8799999999999999       -8.8048678399999982        25.358019379199995     
  -2.8740000000000001       -8.6965118838439999        24.993775154167658     
  -2.8679999999999999       -8.5889759949439970        24.633183153499381     
  -2.8620000000000001       -8.4822564524839983        24.276217967009202     
  -2.8559999999999999       -8.3763495434239967        23.922854296018933     
  -2.8500000000000001       -8.2712515625000016        23.573066953125004     
  -2.8439999999999999       -8.1669588122239993        23.226830861965052     
  -2.8380000000000001       -8.0634676028840016        22.884121056984796     
  -2.8319999999999999       -7.9607742525439971        22.544912683204597     
  -2.8260000000000001       -7.8588750870440016        22.209180995986348     
  -2.8199999999999998       -7.7577664399999975        21.876901360799991     
  -2.8140000000000001       -7.6574446528039992        21.548049252990456     
  -2.8079999999999998       -7.5579060746239994        21.222600257544190     
  -2.8020000000000000       -7.4591470624040008        20.900530068856011     
  -2.7959999999999998       -7.3611639808639975        20.581814490495734     
  -2.7900000000000000       -7.2639532025000015        20.266429434975006     
  -2.7839999999999998       -7.1675111075839979        19.954350923513850     
  -2.7780000000000000       -7.0718340841640019        19.645555085807597     
  -2.7719999999999998       -6.9769185280639974        19.340018159793399     
  -2.7660000000000000       -6.8827608428840010        19.037716491417147     
  -2.7599999999999998       -6.7893574399999972        18.738626534399991     
  -2.7540000000000000       -6.6967047385640006        18.442724850005259     
  -2.7480000000000002       -6.6047991655040033        18.149988106805001     
  -2.7420000000000000       -6.5136371555240000        17.860393080446809     
  -2.7359999999999998       -6.4232151511039977        17.573916653420536     
  -2.7300000000000000       -6.3335296024999987        17.290535814824995     
  -2.7240000000000002       -6.2445769677440044        17.010227660134671     
  -2.7180000000000000       -6.1563537126440009        16.732969390966396     
  -2.7119999999999997       -6.0688563107839970        16.458738314846197     
  -2.7060000000000000       -5.9820812435240001        16.187511844975944     
  -2.7000000000000002       -5.8960250000000034        15.919267500000011     
  -2.6940000000000000       -5.8106840771239998        15.653982903772055     
  -2.6880000000000002       -5.7260549795840019        15.391635785121798     
  -2.6819999999999999       -5.6421342198440003        15.132203977621609     
  -2.6760000000000002       -5.5589183181440029        14.875665419353354     
  -2.6699999999999999       -5.4764038025000001        14.621998152674999     
  -2.6640000000000001       -5.3945872087040030        14.371180323987465     
  -2.6579999999999999       -5.3134650803240007        14.123190183501194     
  -2.6520000000000001       -5.2330339687040022        13.878006085003014     
  -2.6459999999999999       -5.1532904329639990        13.635606485622741     
  -2.6400000000000001       -5.0742310400000017        13.395969945600005     
  -2.6339999999999999       -4.9958523644839996        13.159075128050855     
  -2.6280000000000001       -4.9181509888640029        12.924900798734599     
  -2.6219999999999999       -4.8411235033639990        12.693425825820405     
  -2.6160000000000001       -4.7647665059840021        12.464629179654150     
  -2.6099999999999999       -4.6890766024999984        12.238489932524995     
  -2.6040000000000001       -4.6140504064640018        12.014987258432262     
  -2.5979999999999999       -4.5396845392039999        11.794100432851991     
  -2.5920000000000001       -4.4659756298240003        11.575808832503808     
  -2.5859999999999999       -4.3929203152039999        11.360091935117543     
  -2.5800000000000001       -4.3205152400000015        11.146929319200003     
  -2.5739999999999998       -4.2487570566439974        10.936300663801649     
  -2.5680000000000001       -4.1776424253440014        10.728185748283396     
  -2.5619999999999998       -4.1071680140839995        10.522564452083206     
  -2.5560000000000000       -4.0373304986240006        10.319416754482946     
  -2.5499999999999998       -3.9681265624999984        10.118722734374995     
  -2.5440000000000000       -3.8995528970240008        9.9204625700290574     
  -2.5379999999999998       -3.8316062012839982        9.7246165388587862     
  -2.5320000000000000       -3.7642831821440010        9.5311650171886111     
  -2.5259999999999998       -3.6975805542439986        9.3400884800203396     
  -2.5200000000000000       -3.6314950400000008        9.1513675008000028     
  -2.5140000000000002       -3.5660233696040020        8.9649827511844613     
  -2.5080000000000000       -3.5011622810240004        8.7809150008081929     
  -2.5019999999999998       -3.4369085200039979        8.5991451170500017     
  -2.4960000000000000       -3.3732588400639996        8.4196540647997438     
  -2.4900000000000002       -3.3102100025000016        8.2424229062250056     
  -2.4840000000000000       -3.2477587763839999        8.0674328005378548     
  -2.4779999999999998       -3.1859019385639975        7.8946650037615846     
  -2.4720000000000000       -3.1246362736639997        7.7241008684974073     
  -2.4660000000000002       -3.0639585740840021        7.5557218436911500     
  -2.4600000000000000       -3.0038656399999999        7.3895094743999996     
  -2.4539999999999997       -2.9443542793639974        7.2254454015592486     
  -2.4480000000000000       -2.8854213079040001        7.0635113617489917     
  -2.4420000000000002       -2.8270635491240030        6.9036891869608157     
  -2.4359999999999999       -2.7692778343039999        6.7459608043645432     
  -2.4299999999999997       -2.7120610024999978        6.5903082360749936     
  -2.4239999999999999       -2.6554099005440008        6.4367135989186579     
  -2.4180000000000001       -2.5993213830440025        6.2851591042003987     
  -2.4119999999999999       -2.5437923123839994        6.1356270574702068     
  -2.4060000000000001       -2.4888195587240025        5.9880998582899503     
  -2.3999999999999999       -2.4344000000000001        5.8425599999999998     
  -2.3940000000000001       -2.3805305219240012        5.6989900694860589     
  -2.3879999999999999       -2.3272080179839989        5.5573727469457888     
  -2.3820000000000001       -2.2744293894440011        5.4176908056556110     
  -2.3759999999999999       -2.2221915453439998        5.2799271117373436     
  -2.3700000000000001       -2.1704914025000006        5.1440646239250016     
  -2.3639999999999999       -2.1193258855039989        5.0100863933314530     
  -2.3580000000000001       -2.0686919267240009        4.8779755632151947     
  -2.3519999999999999       -2.0185864663039990        4.7477153687470057     
  -2.3460000000000001       -1.9690064521640016        4.6192891367767484     
  -2.3399999999999999       -1.9199488399999991        4.4926802855999979     
  -2.3340000000000001       -1.8714105932840015        4.3678723247248596     
  -2.3279999999999998       -1.8233886832639996        4.2448488546385912     
  -2.3220000000000001       -1.7758800889640014        4.1235935665744110     
  -2.3159999999999998       -1.7288817971839991        4.0040902422781421     
  -2.3100000000000001       -1.6823908025000005        3.8863227537750014     
  -2.3039999999999998       -1.6364041072639992        3.7702750631362538     
  -2.2980000000000000       -1.5909187216039999        3.6559312222459921     
  -2.2919999999999998       -1.5459316634239988        3.5432753725678050     
  -2.2860000000000000       -1.5014399584040001        3.4322917449115442     
  -2.2800000000000002       -1.4574406400000024        3.3229646592000059     
  -2.2740000000000000       -1.4139307494440008        3.2152785242356576     
  -2.2679999999999998       -1.3709073357439996        3.1092178374673907     
  -2.2620000000000000       -1.3283674556839999        3.0047671847572079     
  -2.2560000000000002       -1.2863081738240014        2.9019112401469473     
  -2.2500000000000000       -1.2447265625000004        2.8006347656250008     
  -2.2439999999999998       -1.2036197018239987        2.7009226108930529     
  -2.2380000000000000       -1.1629846796840004        2.6027597131327931     
  -2.2320000000000002       -1.1228185917440028        2.5061310967726143     
  -2.2260000000000000       -1.0831185414440005        2.4110218732543451     
  -2.2199999999999998       -1.0438816399999986        2.3174172407999967     
  -2.2140000000000000       -1.0051050064040004        2.2253024841784566     
  -2.2080000000000002      -0.96678576742400146        2.1346629744721954     
  -2.2020000000000000      -0.92892105760399968        2.0454841688440073     
  -2.1959999999999997      -0.89150801926399836        1.9577516103037402     
  -2.1899999999999999      -0.85454380250000028        1.8714509274750006     
  -2.1840000000000002      -0.81802556518400138        1.7865678343618592     
  -2.1779999999999999      -0.78195047296400055        1.7030881301155931     
  -2.1719999999999997      -0.74631569926399877        1.6209976988014052     
  -2.1659999999999999      -0.71111842528399993        1.5402825091651438     
  -2.1600000000000001      -0.67635584000000115        1.4609286144000027     
  -2.1539999999999999      -0.64202514016400070        1.3829221519132575     
  -2.1480000000000001      -0.60812353030400157        1.3062493430929953     
  -2.1419999999999999      -0.57464822272399996        1.2308964930748079     
  -2.1360000000000001      -0.54159643750400122        1.1568499905085468     
  -2.1299999999999999      -0.50896540249999944        1.0840963073249987     
  -2.1240000000000001      -0.47675235334400057        1.0126219985026572     
  -2.1179999999999999      -0.44495453344400016       0.94241370183439233     
  -2.1120000000000001      -0.41356919398400116       0.87345813769421055     
  -2.1059999999999999      -0.38259359392399972       0.80574210880394337     
  -2.1000000000000001      -0.35202500000000025       0.73925250000000053     
  -2.0939999999999999      -0.32186068672399948       0.67397627800005488     
  -2.0880000000000001      -0.29209793638400061       0.60990049116979328     
  -2.0819999999999999      -0.26273403904400006       0.54701226928960811     
  -2.0760000000000001      -0.23376629254400072       0.48529882332134550     
  -2.0699999999999998      -0.20519200249999958       0.42474744517499913     
  -2.0640000000000001      -0.17700848230400013       0.36534550747545624     
  -2.0579999999999998      -0.14921305312399991       0.30708046332919176     
  -2.0520000000000000      -0.12180304390400032       0.24993984609100867     
  -2.0459999999999998       -9.4775791363999495E-002  0.19391126913074294     
  -2.0400000000000000       -6.8128640000000296E-002  0.13898242560000060     
  -2.0339999999999998       -4.1858942083999651E-002   8.5141088198855283E-002
  -2.0280000000000000       -1.5964057664000997E-002   3.2375108942594023E-002
  -2.0220000000000002        9.5586454359981587E-003  -1.9327581071588280E-002
  -2.0160000000000000        3.4711791615999132E-002  -6.9978971897854250E-002
  -2.0099999999999998        5.9497997500001176E-002 -0.11959097497500235     
  -2.0040000000000000        8.3919871935999701E-002 -0.16817542335974339     
  -1.9980000000000000       0.10798001599600004      -0.21574407196000808     
  -1.9920000000000000       0.13168102297599971      -0.26230859776819143     
  -1.9860000000000000       0.15502547839599989      -0.30788060009445578     
  -1.9800000000000000       0.17801595999999975      -0.35247160079999951     
  -1.9740000000000000       0.20065503775600035      -0.39609304453034472     
  -1.9680000000000000       0.22294527385600027      -0.43875629894860851     
  -1.9620000000000000       0.24488922271600000      -0.48047265496879199     
  -1.9560000000000000       0.26648943097600020      -0.52125332698905635     
  -1.9500000000000000       0.28774843750000034      -0.56110945312500060     
  -1.9440000000000000       0.30866877337600007      -0.60005209544294413     
  -1.9379999999999999       0.32925296191600051      -0.63809224019320898     
  -1.9319999999999999       0.34950351865600027      -0.67524079804339254     
  -1.9259999999999999       0.36942295135600034      -0.71150860431165663     
  -1.9199999999999999       0.38901376000000010      -0.74690641920000012     
  -1.9139999999999999       0.40827843679600040      -0.78144492802754473     
  -1.9079999999999999       0.42721946617600048      -0.81513474146380893     
  -1.9019999999999999       0.44583932479600064      -0.84798639576199319     
  -1.8959999999999999       0.46414048153600040      -0.88001035299225672     
  -1.8899999999999999       0.48212539750000039      -0.91121700127500072     
  -1.8839999999999999       0.49979652601600044      -0.94161665501414482     
  -1.8779999999999999       0.51715631263600059      -0.97121955513040903     
  -1.8719999999999999       0.53420719513600057       -1.0000358692945930     
  -1.8659999999999999       0.55095160351600070       -1.0280756921608571     
  -1.8599999999999999       0.56739196000000058       -1.0553490456000010     
  -1.8539999999999999       0.58353067903600042       -1.0818658789327447     
  -1.8479999999999999       0.59937016729600057       -1.1076360691630089     
  -1.8420000000000001       0.61491282367600020       -1.1326694212111925     
  -1.8360000000000001       0.63016103929599998       -1.1569756681474561     
  -1.8300000000000001       0.64511719749999985       -1.1805644714249999     
  -1.8240000000000001       0.65978367385599990       -1.2034454211133438     
  -1.8180000000000001       0.67416283615599992       -1.2256280361316079     
  -1.8120000000000001       0.68825704441599989       -1.2471217644817918     
  -1.8060000000000000       0.70206865087599990       -1.2679359834820558     
  -1.8000000000000000       0.71559999999999979       -1.2880799999999997     
  -1.7940000000000000       0.72885342847599999       -1.3075630506859439     
  -1.7880000000000000       0.74183126521599974       -1.3263943022062075     
  -1.7820000000000000       0.75453583135599978       -1.3445828514763916     
  -1.7760000000000000       0.76696944025600011       -1.3621377258946563     
  -1.7700000000000000       0.77913439750000002       -1.3790678835750001     
  -1.7640000000000000       0.79103300089599982       -1.3953822135805436     
  -1.7580000000000000       0.80266754047599997       -1.4110895361568079     
  -1.7520000000000000       0.81404029849600024       -1.4261986029649925     
  -1.7460000000000000       0.82515354943600006       -1.4407180973152560     
  -1.7400000000000000       0.83600955999999993       -1.4546566343999998     
  -1.7340000000000000       0.84661058911600007       -1.4680227615271442     
  -1.7280000000000000       0.85695888793600039       -1.4808249583534085     
  -1.7220000000000000       0.86705669983600009       -1.4930716371175921     
  -1.7160000000000000       0.87690626041600028       -1.5047711428738564     
  -1.7100000000000000       0.88650979750000003       -1.5159317537250001     
  -1.7040000000000000       0.89586953113600032       -1.5265616810557445     
  -1.6980000000000000       0.90498767359600008       -1.5366690697660081     
  -1.6919999999999999       0.91386642937600016       -1.5462619985041923     
  -1.6859999999999999       0.92250799519600024       -1.5553484799004564     
  -1.6799999999999999       0.93091456000000017       -1.5639364608000001     
  -1.6739999999999999       0.93908830495600015       -1.5720338224963442     
  -1.6679999999999999       0.94703140345600012       -1.5796483809646080     
  -1.6619999999999999       0.95474602111600015       -1.5867878870947922     
  -1.6559999999999999       0.96223431577600005       -1.5934600269250561     
  -1.6499999999999999       0.96949843750000020       -1.5996724218750002     
  -1.6439999999999999       0.97654052857600027       -1.6054326289789445     
  -1.6379999999999999       0.98336272351600007       -1.6107481411192079     
  -1.6319999999999999       0.98996714905600025       -1.6156263872593923     
  -1.6259999999999999       0.99635592415600027       -1.6200747326776563     
  -1.6199999999999999        1.0025311600000002       -1.6241004792000002     
  -1.6139999999999999        1.0084949599960003       -1.6277108654335444     
  -1.6079999999999999        1.0142494197760001       -1.6309130669998082     
  -1.6019999999999999        1.0197966271960002       -1.6337141967679922     
  -1.5959999999999999        1.0251386623360002       -1.6361213050882562     
  -1.5900000000000001        1.0302775975000000       -1.6381413800250002     
  -1.5840000000000001        1.0352154972160001       -1.6397813475901444     
  -1.5780000000000001        1.0399544182359999       -1.6410480719764078     
  -1.5720000000000001        1.0444964095360001       -1.6419483557905923     
  -1.5660000000000001        1.0488435123160000       -1.6424889402868561     
  -1.5600000000000001        1.0529977600000000       -1.6426765056000001     
  -1.5540000000000000        1.0569611782360000       -1.6425176709787441     
  -1.5480000000000000        1.0607357848960000       -1.6420189950190081     
  -1.5420000000000000        1.0643235900760002       -1.6411869758971924     
  -1.5360000000000000        1.0677265960960001       -1.6400280516034562     
  -1.5300000000000000        1.0709467975000000       -1.6385486001750000     
  -1.5240000000000000        1.0739861810560001       -1.6367549399293442     
  -1.5180000000000000        1.0768467257560002       -1.6346533296976082     
  -1.5120000000000000        1.0795304028160000       -1.6322499690577921     
  -1.5060000000000000        1.0820391756760002       -1.6295509985680563     
  -1.5000000000000000        1.0843750000000001       -1.6265625000000001     
  -1.4940000000000000        1.0865398236760000       -1.6232904965719439     
  -1.4880000000000000        1.0885355868160000       -1.6197409531822080     
  -1.4820000000000000        1.0903642217560001       -1.6159197766423921     
  -1.4760000000000000        1.0920276530560000       -1.6118328159106561     
  -1.4700000000000000        1.0935277975000002       -1.6074858623250001     
  -1.4640000000000000        1.0948665640960000       -1.6028846498365441     
  -1.4580000000000000        1.0960458540760001       -1.5980348552428081     
  -1.4520000000000000        1.0970675608960001       -1.5929420984209921     
  -1.4460000000000000        1.0979335702360000       -1.5876119425612560     
  -1.4399999999999999        1.0986457600000001       -1.5820498944000001     
  -1.4339999999999999        1.0992060003160000       -1.5762614044531440     
  -1.4279999999999999        1.0996161535360001       -1.5702518672494081     
  -1.4219999999999999        1.0998780742360001       -1.5640266215635921     
  -1.4159999999999999        1.0999936092160001       -1.5575909506498560     
  -1.4099999999999999        1.0999645975000001       -1.5509500824750000     
  -1.4039999999999999        1.0997928703359998       -1.5441091899517436     
  -1.3979999999999999        1.0994802511960002       -1.5370733911720083     
  -1.3919999999999999        1.0990285557760000       -1.5298477496401919     
  -1.3859999999999999        1.0984395919960002       -1.5224372745064561     
  -1.3799999999999999        1.0977151599999999       -1.5148469207999997     
  -1.3739999999999999        1.0968570521559999       -1.5070815896623437     
  -1.3679999999999999        1.0958670530560002       -1.4991461285806080     
  -1.3619999999999999        1.0947469395160001       -1.4910453316207921     
  -1.3559999999999999        1.0934984805760002       -1.4827839396610560     
  -1.3499999999999999        1.0921234375000002       -1.4743666406250000     
  -1.3439999999999999        1.0906235637760000       -1.4657980697149438     
  -1.3379999999999999        1.0890006051159999       -1.4570828096452078     
  -1.3320000000000001        1.0872562994560000       -1.4482253908753921     
  -1.3260000000000001        1.0853923769560001       -1.4392302918436561     
  -1.3200000000000001        1.0834105600000001       -1.4301019392000003     
  -1.3140000000000001        1.0813125631960001       -1.4208447080395441     
  -1.3080000000000001        1.0791000933760002       -1.4114629221358084     
  -1.3020000000000000        1.0767748495960001       -1.4019608541739923     
  -1.2960000000000000        1.0743385231360001       -1.3923427259842562     
  -1.2900000000000000        1.0717927975000001       -1.3826127087750002     
  -1.2840000000000000        1.0691393484160001       -1.3727749233661442     
  -1.2780000000000000        1.0663798438360002       -1.3628334404224083     
  -1.2720000000000000        1.0635159439360002       -1.3527922806865924     
  -1.2660000000000000        1.0605493011160001       -1.3426554152128560     
  -1.2600000000000000        1.0574815600000003       -1.3324267656000004     
  -1.2540000000000000        1.0543143574360001       -1.3221102042247441     
  -1.2480000000000000        1.0510493224960000       -1.3117095544750079     
  -1.2420000000000000        1.0476880764760002       -1.3012285909831922     
  -1.2360000000000000        1.0442322328960001       -1.2906710398594561     
  -1.2300000000000000        1.0406833975000001       -1.2800405789250000     
  -1.2240000000000000        1.0370431682560000       -1.2693408379453439     
  -1.2180000000000000        1.0333131353559999       -1.2585753988636079     
  -1.2120000000000000        1.0294948812160001       -1.2477477960337922     
  -1.2060000000000000        1.0255899804760000       -1.2368615164540560     
  -1.2000000000000000        1.0216000000000001       -1.2259200000000001     
  -1.1940000000000000        1.0175264988760002       -1.2149266396579441     
  -1.1879999999999999        1.0133710284160000       -1.2038847817582079     
  -1.1819999999999999        1.0091351321560000       -1.1927977262083920     
  -1.1759999999999999        1.0048203458559999       -1.1816687267266559     
  -1.1699999999999999        1.0004281975000000       -1.1705009910749999     
  -1.1639999999999999       0.99596020729600010       -1.1592976812925440     
  -1.1579999999999999       0.99141788767600003       -1.1480619139288080     
  -1.1519999999999999       0.98680274329600004       -1.1367967602769919     
  -1.1459999999999999       0.98211627103599997       -1.1255052466072559     
  -1.1399999999999999       0.97735996000000003       -1.1141903544000000     
  -1.1339999999999999       0.97253529151600004       -1.1028550205791439     
  -1.1279999999999999       0.96764373913599999       -1.0915021377454079     
  -1.1219999999999999       0.96268676863599989       -1.0801345544095917     
  -1.1159999999999999       0.95766583801599992       -1.0687550752258559     
  -1.1099999999999999       0.95258239750000007       -1.0573664612250000     
  -1.1039999999999999       0.94743788953599994       -1.0459714300477438     
  -1.0979999999999999       0.94223374879599997       -1.0345726561780078     
  -1.0919999999999999       0.93697140217600006       -1.0231727711761920     
  -1.0859999999999999       0.93165226879599994       -1.0117743639124559     
  -1.0800000000000001       0.92627776000000006       -1.0003799808000002     
  -1.0740000000000001       0.92084927935600014      -0.98899212602834419     
  -1.0680000000000001       0.91536822265600004      -0.97761326179660812     
  -1.0620000000000001       0.90983597791600013      -0.96624580854679221     
  -1.0560000000000000       0.90425392537600013      -0.95489214519705623     
  -1.0500000000000000       0.89862343750000018      -0.94355460937500024     
  -1.0440000000000000       0.89294587897600008      -0.93223549765094416     
  -1.0380000000000000       0.88722260671600006      -0.92093706577120804     
  -1.0320000000000000       0.88145496985600014      -0.90966152889139218     
  -1.0260000000000000       0.87564430975600005      -0.89841106180965602     
  -1.0200000000000000       0.86979196000000014      -0.88718779920000013     
  -1.0140000000000000       0.86389924639600013      -0.87599383584554413     
  -1.0080000000000000       0.85796748697600012      -0.86483122687180813     
  -1.0020000000000000       0.85199799199600001      -0.85370198797999197     
 -0.99600000000000000       0.84599206393600013      -0.84260809568025608     
 -0.98999999999999977       0.83995099749999991      -0.83155148752499974     
 -0.98399999999999999       0.83387607961600008      -0.82053406234214410     
 -0.97799999999999976       0.82776858943599974      -0.80955768046840759     
 -0.97199999999999998       0.82162979833599992      -0.79862416398259195     
 -0.96599999999999975       0.81546096991599970      -0.78773529693885547     
 -0.95999999999999996       0.80926336000000010      -0.77689282560000006     
 -0.95399999999999974       0.80303821663599984      -0.76609845867074366     
 -0.94799999999999995       0.79678678009600001      -0.75535386753100797     
 -0.94200000000000017       0.79051028287600023      -0.74466068646919237     
 -0.93599999999999994       0.78420994969599989      -0.73402051291545589     
 -0.93000000000000016       0.77788699750000023      -0.72343490767500029     
 -0.92399999999999993       0.77154263545599988      -0.71290539516134388     
 -0.91800000000000015       0.76517806495600016      -0.70243346362960823     
 -0.91199999999999992       0.75879447961599988      -0.69202056540979184     
 -0.90600000000000014       0.75239306527600014      -0.68166811714005626     
 -0.89999999999999991       0.74597499999999983      -0.67137749999999974     
 -0.89400000000000013       0.73954145407600014      -0.66115005994394427     
 -0.88799999999999990       0.73309359001599983      -0.65098710793420778     
 -0.88200000000000012       0.72663256255600006      -0.64088992017439217     
 -0.87599999999999989       0.72015951865599992      -0.63085973834265585     
 -0.87000000000000011       0.71367559750000009      -0.62089776982500011     
 -0.86399999999999988       0.70718193049599987      -0.61100518794854375     
 -0.85800000000000010       0.70067964127600013      -0.60118313221480812     
 -0.85199999999999987       0.69416984569599982      -0.59143270853299179     
 -0.84600000000000009       0.68765365183600002      -0.58175498945325610     
 -0.83999999999999986       0.68113215999999988      -0.57215101439999982     
 -0.83400000000000007       0.67460646271600011      -0.56262178990514411     
 -0.82799999999999985       0.66807764473599984      -0.55316828984140776     
 -0.82200000000000006       0.66154678303600001      -0.54379145565559206     
 -0.81599999999999984       0.65501494681599981      -0.53449219660185576     
 -0.81000000000000005       0.64848319750000005      -0.52527138997500011     
 -0.80399999999999983       0.64195258873599981      -0.51612988134374371     
 -0.79800000000000004       0.63542416639599997      -0.50706848478400801     
 -0.79199999999999982       0.62889896857599981      -0.49808798311219171     
 -0.78600000000000003       0.62237802559599997      -0.48918912811845600     
 -0.77999999999999980       0.61586235999999972      -0.48037264079999964     
 -0.77400000000000002       0.60935298655600001      -0.47163921159434402     
 -0.76799999999999979       0.60285091225599974      -0.46298950061260769     
 -0.76200000000000001       0.59635713631600007      -0.45442413787279207     
 -0.75599999999999978       0.58987265017599977      -0.44594372353305572     
 -0.75000000000000000       0.58339843749999998      -0.43754882812499996     
 -0.74399999999999977       0.57693547417599977      -0.42923999278694369     
 -0.73799999999999999       0.57048472831599994      -0.42101772949720795     
 -0.73199999999999976       0.56404716025599977      -0.41288252130739167     
 -0.72599999999999998       0.55762372255600001      -0.40483482257565601     
 -0.71999999999999975       0.55121535999999971      -0.39687505919999966     
 -0.71399999999999997       0.54482300959599994      -0.38900362885154394     
 -0.70799999999999974       0.53844760057599972      -0.38122090120780766     
 -0.70199999999999996       0.53209005439599999      -0.37352721818599199     
 -0.69599999999999973       0.52575128473599975      -0.36592289417625568     
 -0.68999999999999995       0.51943219749999991      -0.35840821627499991     
 -0.68400000000000016       0.51313369081600024      -0.35098344451814423     
 -0.67799999999999994       0.50685665503599997      -0.34364881211440795     
 -0.67200000000000015       0.50060197273600016      -0.33640452567859219     
 -0.66599999999999993       0.49437051871599996      -0.32925076546485593     
 -0.66000000000000014       0.48816316000000015      -0.32218768560000016     
 -0.65399999999999991       0.48198075583599986      -0.31521541431674388     
 -0.64800000000000013       0.47582415769600012      -0.30833405418700816     
 -0.64199999999999990       0.46969420927599986      -0.30154368235519186     
 -0.63600000000000012       0.46359174649600016      -0.29484435077145615     
 -0.62999999999999989       0.45751759749999993      -0.28823608642499993     
 -0.62400000000000011       0.45147258265600010      -0.28171889157734409     
 -0.61799999999999988       0.44545751455599991      -0.27529274399560788     
 -0.61200000000000010       0.43947319801600004      -0.26895759718579210     
 -0.60599999999999987       0.43352043007599989      -0.26271338062605587     
 -0.60000000000000009       0.42760000000000004      -0.25656000000000007     
 -0.59399999999999986       0.42171268927599981      -0.25049733742994384     
 -0.58800000000000008       0.41585927161600011      -0.24452525171020811     
 -0.58199999999999985       0.41004051295599980      -0.23864357854039184     
 -0.57600000000000007       0.40425717145600004      -0.23285213075865605     
 -0.56999999999999984       0.39850999749999988      -0.22715069857499987     
 -0.56400000000000006       0.39279973369600002      -0.22153904980454403     
 -0.55799999999999983       0.38712711487599988      -0.21601693010080786     
 -0.55200000000000005       0.38149286809600008      -0.21058406318899206     
 -0.54599999999999982       0.37589771263599980      -0.20524015109925584     
 -0.54000000000000004       0.37034236000000004      -0.19998487440000004     
 -0.53399999999999981       0.36482751391599988      -0.19481789243114386     
 -0.52800000000000002       0.35935387033600003      -0.18973884353740803     
 -0.52199999999999980       0.35392211743599983      -0.18474734530159184     
 -0.51600000000000001       0.34853293561600002      -0.17984299477785601     
 -0.50999999999999979       0.34318699749999976      -0.17502536872499980     
 -0.50400000000000000       0.33788496793599998      -0.17029402383974399     
 -0.49799999999999978       0.33262750399599977      -0.16564849699000780     
 -0.49199999999999999       0.32741525497600005      -0.16108830544819203     
 -0.48599999999999977       0.32224886239599981      -0.15661294712445584     
 -0.47999999999999998       0.31712896000000002      -0.15222190080000000     
 -0.47399999999999975       0.31205617375599976      -0.14791462636034380     
 -0.46799999999999997       0.30703112185599996      -0.14369056502860797     
 -0.46199999999999974       0.30205441471599981      -0.13954913959879184     
 -0.45599999999999996       0.29712665497599999      -0.13548975466905600     
 -0.44999999999999973       0.29224843749999979      -0.13151179687499984     
 -0.44399999999999995       0.28742034937599997      -0.12761463512294396     
 -0.43800000000000017       0.28264296991600013      -0.12379762082320811     
 -0.43199999999999994       0.27791687065600001      -0.12006008812339199     
 -0.42600000000000016       0.27324261535600014      -0.11640135414165610     
 -0.41999999999999993       0.26862075999999996      -0.11282071919999996     
 -0.41400000000000015       0.26405185279600013      -0.10931746705754410     
 -0.40799999999999992       0.25953643417599992      -0.10589086514380795     
 -0.40200000000000014       0.25507503679600013      -0.10254016479199209     
 -0.39599999999999991       0.25066818553599995       -9.9264601472255964E-002
 -0.39000000000000012       0.24631639750000009       -9.6063395025000067E-002
 -0.38399999999999990       0.24202018201599992       -9.2935749894143951E-002
 -0.37800000000000011       0.23778004063600008       -8.9880855360408060E-002
 -0.37199999999999989       0.23359646713599994       -8.6897885774591954E-002
 -0.36600000000000010       0.22946994751600008       -8.3986000790856052E-002
 -0.35999999999999988       0.22540095999999993       -8.1144345599999945E-002
 -0.35400000000000009       0.22138997503600008       -7.8372051162744052E-002
 -0.34799999999999986       0.21743745529599992       -7.5668234443007937E-002
 -0.34200000000000008       0.21354385567600004       -7.3031998641192031E-002
 -0.33599999999999985       0.20970962329599993       -7.0462433427455951E-002
 -0.33000000000000007       0.20593519750000006       -6.7958615175000028E-002
 -0.32399999999999984       0.20222100985599992       -6.5519607193343946E-002
 -0.31800000000000006       0.19856748415600003       -6.3144459961608029E-002
 -0.31199999999999983       0.19497503641599992       -6.0832211361791941E-002
 -0.30600000000000005       0.19144407487600004       -5.8581886912056021E-002
 -0.29999999999999982       0.18797499999999989       -5.6392499999999936E-002
 -0.29400000000000004       0.18456820447600006       -5.4263052115944024E-002
 -0.28799999999999981       0.18122407321599990       -5.2192533086207936E-002
 -0.28200000000000003       0.17794298335600001       -5.0179921306392004E-002
 -0.27599999999999980       0.17472530425599989       -4.8224183974655936E-002
 -0.27000000000000002       0.17157139750000000       -4.6324277325000003E-002
 -0.26399999999999979       0.16848161689599991       -4.4479146860543939E-002
 -0.25800000000000001       0.16545630847599999       -4.2687727586808000E-002
 -0.25199999999999978       0.16249581049599990       -4.0948944244991937E-002
 -0.24600000000000000       0.15960045343599999       -3.9261711545255998E-002
 -0.23999999999999977       0.15677055999999992       -3.7624934399999942E-002
 -0.23399999999999999       0.15400644511600001       -3.6037508157144002E-002
 -0.22799999999999976       0.15130841593599989       -3.4498318833407940E-002
 -0.22199999999999998       0.14867677183600000       -3.3006243347591994E-002
 -0.21599999999999975       0.14611180441599991       -3.1560149753855946E-002
 -0.20999999999999996       0.14361379750000000       -3.0158897474999995E-002
 -0.20399999999999974       0.14118302713599992       -2.8801337535743946E-002
 -0.19799999999999995       0.13881976159599999       -2.7486312796007991E-002
 -0.19199999999999973       0.13652426137599991       -2.6212658184191946E-002
 -0.18599999999999994       0.13429677919600000       -2.4979200930455994E-002
 -0.18000000000000016       0.13213756000000007       -2.3784760800000034E-002
 -0.17399999999999993       0.13004684095599997       -2.2628150326343986E-002
 -0.16800000000000015       0.12802485145600007       -2.1508175044608030E-002
 -0.16199999999999992       0.12607181311599996       -2.0423633724791983E-002
 -0.15600000000000014       0.12418793977600004       -1.9373318605056023E-002
 -0.14999999999999991       0.12237343749999999       -1.8356015624999986E-002
 -0.14400000000000013       0.12062850457600004       -1.7370504658944019E-002
 -0.13799999999999990       0.11895333151599999       -1.6415559749207987E-002
 -0.13200000000000012       0.11734810105600003       -1.5489949339392019E-002
 -0.12599999999999989       0.11581298815599998       -1.4592436507655985E-002
 -0.12000000000000011       0.11434816000000003       -1.3721779200000016E-002
 -0.11399999999999988       0.11295377599599998       -1.2876730463543984E-002
 -0.10800000000000010       0.11162998777600003       -1.2056038679808014E-002
 -0.10199999999999987       0.11037693919599997       -1.1258447797991983E-002
  -9.6000000000000085E-002  0.10919476633600002       -1.0482697568256011E-002
  -8.9999999999999858E-002  0.10808359749999998       -9.7275237749999827E-003
  -8.4000000000000075E-002  0.10704355321600001       -8.9916584701440084E-003
  -7.7999999999999847E-002  0.10607474623599998       -8.2738302064079821E-003
  -7.2000000000000064E-002  0.10517728153600002       -7.5727642705920081E-003
  -6.5999999999999837E-002  0.10435125631599999       -6.8871829168559821E-003
  -6.0000000000000053E-002  0.10359676000000001       -6.2158056000000059E-003
  -5.3999999999999826E-002  0.10291387423599999       -5.5573492087439809E-003
  -4.8000000000000043E-002  0.10230267289600001       -4.9105282990080049E-003
  -4.1999999999999815E-002  0.10176322207600000       -4.2740553271919815E-003
  -3.6000000000000032E-002  0.10129558009600001       -3.6466408834560037E-003
  -2.9999999999999805E-002  0.10089979749999999       -3.0269939249999798E-003
  -2.4000000000000021E-002  0.10057591705600001       -2.4138220093440025E-003
  -1.7999999999999794E-002  0.10032397375600000       -1.8058315276079792E-003
  -1.2000000000000011E-002  0.10014399481600002       -1.2017279377920013E-003
  -5.9999999999997833E-003  0.10003599967600001       -6.0021599805597833E-004
   0.0000000000000000       0.10000000000000001        0.0000000000000000     
   6.0000000000002274E-003  0.10003599967600002        6.0021599805602289E-004
   1.2000000000000011E-002  0.10014399481600002        1.2017279377920013E-003
   1.8000000000000238E-002  0.10032397375600001        1.8058315276080240E-003
   2.4000000000000021E-002  0.10057591705600001        2.4138220093440025E-003
   3.0000000000000249E-002  0.10089979750000001        3.0269939250000253E-003
   3.6000000000000032E-002  0.10129558009600001        3.6466408834560037E-003
   4.2000000000000259E-002  0.10176322207600003        4.2740553271920275E-003
   4.8000000000000043E-002  0.10230267289600001        4.9105282990080049E-003
   5.4000000000000270E-002  0.10291387423600004        5.5573492087440304E-003
   6.0000000000000053E-002  0.10359676000000001        6.2158056000000059E-003
   6.6000000000000281E-002  0.10435125631600005        6.8871829168560324E-003
   7.2000000000000064E-002  0.10517728153600002        7.5727642705920081E-003
   7.7999999999999847E-002  0.10607474623599998        8.2738302064079821E-003
   8.4000000000000075E-002  0.10704355321600001        8.9916584701440084E-003
   8.9999999999999858E-002  0.10808359749999998        9.7275237749999827E-003
   9.6000000000000085E-002  0.10919476633600002        1.0482697568256011E-002
  0.10199999999999987       0.11037693919599997        1.1258447797991983E-002
  0.10800000000000010       0.11162998777600003        1.2056038679808014E-002
  0.11399999999999988       0.11295377599599998        1.2876730463543984E-002
  0.12000000000000011       0.11434816000000003        1.3721779200000016E-002
  0.12599999999999989       0.11581298815599998        1.4592436507655985E-002
  0.13200000000000012       0.11734810105600003        1.5489949339392019E-002
  0.13799999999999990       0.11895333151599999        1.6415559749207987E-002
  0.14400000000000013       0.12062850457600004        1.7370504658944019E-002
  0.14999999999999991       0.12237343749999999        1.8356015624999986E-002
  0.15600000000000014       0.12418793977600004        1.9373318605056023E-002
  0.16199999999999992       0.12607181311599996        2.0423633724791983E-002
  0.16800000000000015       0.12802485145600007        2.1508175044608030E-002
  0.17399999999999993       0.13004684095599997        2.2628150326343986E-002
  0.18000000000000016       0.13213756000000007        2.3784760800000034E-002
  0.18599999999999994       0.13429677919600000        2.4979200930455994E-002
  0.19200000000000017       0.13652426137600007        2.6212658184192036E-002
  0.19799999999999995       0.13881976159599999        2.7486312796007991E-002
  0.20400000000000018       0.14118302713600006        2.8801337535744039E-002
  0.20999999999999996       0.14361379750000000        3.0158897474999995E-002
  0.21600000000000019       0.14611180441600008        3.1560149753856043E-002
  0.22199999999999998       0.14867677183600000        3.3006243347591994E-002
  0.22800000000000020       0.15130841593600008        3.4498318833408051E-002
  0.23399999999999999       0.15400644511600001        3.6037508157144002E-002
  0.24000000000000021       0.15677056000000009        3.7624934400000053E-002
  0.24600000000000000       0.15960045343599999        3.9261711545255998E-002
  0.25200000000000022       0.16249581049600012        4.0948944244992069E-002
  0.25800000000000001       0.16545630847599999        4.2687727586808000E-002
  0.26400000000000023       0.16848161689600011        4.4479146860544071E-002
  0.27000000000000002       0.17157139750000000        4.6324277325000003E-002
  0.27600000000000025       0.17472530425600014        4.8224183974656082E-002
  0.28200000000000003       0.17794298335600001        5.0179921306392004E-002
  0.28800000000000026       0.18122407321600015        5.2192533086208089E-002
  0.29400000000000004       0.18456820447600006        5.4263052115944024E-002
  0.30000000000000027       0.18797500000000017        5.6392500000000102E-002
  0.30600000000000005       0.19144407487600004        5.8581886912056021E-002
  0.31200000000000028       0.19497503641600017        6.0832211361792107E-002
  0.31800000000000006       0.19856748415600003        6.3144459961608029E-002
  0.32400000000000029       0.20222100985600017        6.5519607193344112E-002
  0.33000000000000007       0.20593519750000006        6.7958615175000028E-002
  0.33599999999999985       0.20970962329599993        7.0462433427455951E-002
  0.34200000000000008       0.21354385567600004        7.3031998641192031E-002
  0.34799999999999986       0.21743745529599992        7.5668234443007937E-002
  0.35400000000000009       0.22138997503600008        7.8372051162744052E-002
  0.35999999999999988       0.22540095999999993        8.1144345599999945E-002
  0.36600000000000010       0.22946994751600008        8.3986000790856052E-002
  0.37199999999999989       0.23359646713599994        8.6897885774591954E-002
  0.37800000000000011       0.23778004063600008        8.9880855360408060E-002
  0.38399999999999990       0.24202018201599992        9.2935749894143951E-002
  0.39000000000000012       0.24631639750000009        9.6063395025000067E-002
  0.39599999999999991       0.25066818553599995        9.9264601472255964E-002
  0.40200000000000014       0.25507503679600013       0.10254016479199209     
  0.40799999999999992       0.25953643417599992       0.10589086514380795     
  0.41400000000000015       0.26405185279600013       0.10931746705754410     
  0.41999999999999993       0.26862075999999996       0.11282071919999996     
  0.42600000000000016       0.27324261535600014       0.11640135414165610     
  0.43199999999999994       0.27791687065600001       0.12006008812339199     
  0.43800000000000017       0.28264296991600013       0.12379762082320811     
  0.44399999999999995       0.28742034937599997       0.12761463512294396     
  0.45000000000000018       0.29224843750000012       0.13151179687500011     
  0.45599999999999996       0.29712665497599999       0.13548975466905600     
  0.46200000000000019       0.30205441471600014       0.13954913959879212     
  0.46799999999999997       0.30703112185599996       0.14369056502860797     
  0.47400000000000020       0.31205617375600014       0.14791462636034414     
  0.47999999999999998       0.31712896000000002       0.15222190080000000     
  0.48600000000000021       0.32224886239600020       0.15661294712445617     
  0.49199999999999999       0.32741525497600005       0.16108830544819203     
  0.49800000000000022       0.33262750399600016       0.16564849699000816     
  0.50400000000000000       0.33788496793599998       0.17029402383974399     
  0.51000000000000023       0.34318699750000015       0.17502536872500016     
  0.51600000000000001       0.34853293561600002       0.17984299477785601     
  0.52200000000000024       0.35392211743600022       0.18474734530159220     
  0.52800000000000002       0.35935387033600003       0.18973884353740803     
  0.53400000000000025       0.36482751391600021       0.19481789243114420     
  0.54000000000000004       0.37034236000000004       0.19998487440000004     
  0.54600000000000026       0.37589771263600019       0.20524015109925620     
  0.55200000000000005       0.38149286809600008       0.21058406318899206     
  0.55800000000000027       0.38712711487600021       0.21601693010080822     
  0.56400000000000006       0.39279973369600002       0.22153904980454403     
  0.57000000000000028       0.39850999750000021       0.22715069857500023     
  0.57600000000000007       0.40425717145600004       0.23285213075865605     
  0.58200000000000029       0.41004051295600030       0.23864357854039231     
  0.58800000000000008       0.41585927161600011       0.24452525171020811     
  0.59399999999999986       0.42171268927599981       0.25049733742994384     
  0.60000000000000009       0.42760000000000004       0.25656000000000007     
  0.60599999999999987       0.43352043007599989       0.26271338062605587     
  0.61200000000000010       0.43947319801600004       0.26895759718579210     
  0.61799999999999988       0.44545751455599991       0.27529274399560788     
  0.62400000000000011       0.45147258265600010       0.28171889157734409     
  0.62999999999999989       0.45751759749999993       0.28823608642499993     
  0.63600000000000012       0.46359174649600016       0.29484435077145615     
  0.64199999999999990       0.46969420927599986       0.30154368235519186     
  0.64800000000000013       0.47582415769600012       0.30833405418700816     
  0.65399999999999991       0.48198075583599986       0.31521541431674388     
  0.66000000000000014       0.48816316000000015       0.32218768560000016     
  0.66599999999999993       0.49437051871599996       0.32925076546485593     
  0.67200000000000015       0.50060197273600016       0.33640452567859219     
  0.67799999999999994       0.50685665503599997       0.34364881211440795     
  0.68400000000000016       0.51313369081600024       0.35098344451814423     
  0.68999999999999995       0.51943219749999991       0.35840821627499991     
  0.69600000000000017       0.52575128473600019       0.36592289417625623     
  0.70199999999999996       0.53209005439599999       0.37352721818599199     
  0.70800000000000018       0.53844760057600016       0.38122090120780822     
  0.71399999999999997       0.54482300959599994       0.38900362885154394     
  0.72000000000000020       0.55121536000000027       0.39687505920000032     
  0.72599999999999998       0.55762372255600001       0.40483482257565601     
  0.73200000000000021       0.56404716025600021       0.41288252130739228     
  0.73799999999999999       0.57048472831599994       0.42101772949720795     
  0.74400000000000022       0.57693547417600022       0.42923999278694430     
  0.75000000000000000       0.58339843749999998       0.43754882812499996     
  0.75600000000000023       0.58987265017600021       0.44594372353305628     
  0.76200000000000001       0.59635713631600007       0.45442413787279207     
  0.76800000000000024       0.60285091225600018       0.46298950061260830     
  0.77400000000000002       0.60935298655600001       0.47163921159434402     
  0.78000000000000025       0.61586236000000028       0.48037264080000036     
  0.78600000000000003       0.62237802559599997       0.48918912811845600     
  0.79200000000000026       0.62889896857600025       0.49808798311219238     
  0.79800000000000004       0.63542416639599997       0.50706848478400801     
  0.80400000000000027       0.64195258873600025       0.51612988134374438     
  0.81000000000000005       0.64848319750000005       0.52527138997500011     
  0.81600000000000028       0.65501494681600025       0.53449219660185643     
  0.82200000000000006       0.66154678303600001       0.54379145565559206     
  0.82800000000000029       0.66807764473600029       0.55316828984140842     
  0.83400000000000007       0.67460646271600011       0.56262178990514411     
  0.83999999999999986       0.68113215999999988       0.57215101439999982     
  0.84600000000000009       0.68765365183600002       0.58175498945325610     
  0.85199999999999987       0.69416984569599982       0.59143270853299179     
  0.85800000000000010       0.70067964127600013       0.60118313221480812     
  0.86399999999999988       0.70718193049599987       0.61100518794854375     
  0.87000000000000011       0.71367559750000009       0.62089776982500011     
  0.87599999999999989       0.72015951865599992       0.63085973834265585     
  0.88200000000000012       0.72663256255600006       0.64088992017439217     
  0.88799999999999990       0.73309359001599983       0.65098710793420778     
  0.89400000000000013       0.73954145407600014       0.66115005994394427     
  0.89999999999999991       0.74597499999999983       0.67137749999999974     
  0.90600000000000014       0.75239306527600014       0.68166811714005626     
  0.91199999999999992       0.75879447961599988       0.69202056540979184     
  0.91800000000000015       0.76517806495600016       0.70243346362960823     
  0.92399999999999993       0.77154263545599988       0.71290539516134388     
  0.93000000000000016       0.77788699750000023       0.72343490767500029     
  0.93599999999999994       0.78420994969599989       0.73402051291545589     
  0.94200000000000017       0.79051028287600023       0.74466068646919237     
  0.94799999999999995       0.79678678009600001       0.75535386753100797     
  0.95400000000000018       0.80303821663600028       0.76609845867074444     
  0.95999999999999996       0.80926336000000010       0.77689282560000006     
  0.96600000000000019       0.81546096991600026       0.78773529693885636     
  0.97199999999999998       0.82162979833599992       0.79862416398259195     
  0.97800000000000020       0.82776858943600018       0.80955768046840837     
  0.98399999999999999       0.83387607961600008       0.82053406234214410     
  0.99000000000000021       0.83995099750000035       0.83155148752500052     
  0.99600000000000000       0.84599206393600013       0.84260809568025608     
   1.0019999999999998       0.85199799199599979       0.85370198797999164     
   1.0080000000000000       0.85796748697600012       0.86483122687180813     
   1.0140000000000002       0.86389924639600035       0.87599383584554458     
   1.0200000000000005       0.86979196000000059       0.88718779920000101     
   1.0259999999999998       0.87564430975599983       0.89841106180965569     
   1.0320000000000000       0.88145496985600014       0.90966152889139218     
   1.0380000000000003       0.88722260671600028       0.92093706577120849     
   1.0440000000000005       0.89294587897600053       0.93223549765094493     
   1.0499999999999998       0.89862343749999996       0.94355460937499980     
   1.0560000000000000       0.90425392537600013       0.95489214519705623     
   1.0620000000000003       0.90983597791600035       0.96624580854679265     
   1.0680000000000005       0.91536822265600049       0.97761326179660901     
   1.0739999999999998       0.92084927935599992       0.98899212602834374     
   1.0800000000000001       0.92627776000000006        1.0003799808000002     
   1.0860000000000003       0.93165226879600027        1.0117743639124566     
   1.0920000000000005       0.93697140217600050        1.0231727711761931     
   1.0979999999999999       0.94223374879599997        1.0345726561780078     
   1.1040000000000001       0.94743788953600006        1.0459714300477441     
   1.1100000000000003       0.95258239750000029        1.0573664612250007     
   1.1159999999999997       0.95766583801599980        1.0687550752258554     
   1.1219999999999999       0.96268676863599989        1.0801345544095917     
   1.1280000000000001       0.96764373913600021        1.0915021377454084     
   1.1340000000000003       0.97253529151600038        1.1028550205791448     
   1.1399999999999997       0.97735995999999981        1.1141903543999994     
   1.1459999999999999       0.98211627103599997        1.1255052466072559     
   1.1520000000000001       0.98680274329600026        1.1367967602769924     
   1.1580000000000004       0.99141788767600048        1.1480619139288089     
   1.1639999999999997       0.99596020729599988        1.1592976812925435     
   1.1699999999999999        1.0004281975000000        1.1705009910749999     
   1.1760000000000002        1.0048203458560003        1.1816687267266566     
   1.1820000000000004        1.0091351321560005        1.1927977262083929     
   1.1879999999999997        1.0133710284159998        1.2038847817582075     
   1.1940000000000000        1.0175264988760002        1.2149266396579441     
   1.2000000000000002        1.0216000000000003        1.2259200000000006     
   1.2060000000000004        1.0255899804760005        1.2368615164540571     
   1.2119999999999997        1.0294948812159999        1.2477477960337915     
   1.2180000000000000        1.0333131353559999        1.2585753988636079     
   1.2240000000000002        1.0370431682560002        1.2693408379453444     
   1.2300000000000004        1.0406833975000005        1.2800405789250011     
   1.2359999999999998        1.0442322328959999        1.2906710398594556     
   1.2420000000000000        1.0476880764760002        1.3012285909831922     
   1.2480000000000002        1.0510493224960000        1.3117095544750084     
   1.2540000000000004        1.0543143574360003        1.3221102042247448     
   1.2599999999999998        1.0574815599999998        1.3324267655999995     
   1.2660000000000000        1.0605493011160001        1.3426554152128560     
   1.2720000000000002        1.0635159439360002        1.3527922806865926     
   1.2780000000000005        1.0663798438360004        1.3628334404224089     
   1.2839999999999998        1.0691393484159999        1.3727749233661437     
   1.2900000000000000        1.0717927975000001        1.3826127087750002     
   1.2960000000000003        1.0743385231360003        1.3923427259842567     
   1.3020000000000005        1.0767748495960001        1.4019608541739927     
   1.3079999999999998        1.0791000933760000        1.4114629221358077     
   1.3140000000000001        1.0813125631960001        1.4208447080395441     
   1.3200000000000003        1.0834105600000004        1.4301019392000007     
   1.3260000000000005        1.0853923769560003        1.4392302918436570     
   1.3319999999999999        1.0872562994560000        1.4482253908753919     
   1.3380000000000001        1.0890006051159999        1.4570828096452080     
   1.3440000000000003        1.0906235637760000        1.4657980697149444     
   1.3500000000000005        1.0921234375000002        1.4743666406250009     
   1.3559999999999999        1.0934984805760002        1.4827839396610560     
   1.3620000000000001        1.0947469395160001        1.4910453316207923     
   1.3680000000000003        1.0958670530560002        1.4991461285806087     
   1.3739999999999997        1.0968570521559999        1.5070815896623435     
   1.3799999999999999        1.0977151599999999        1.5148469207999997     
   1.3860000000000001        1.0984395919959997        1.5224372745064558     
   1.3920000000000003        1.0990285557760000        1.5298477496401923     
   1.3979999999999997        1.0994802511959998        1.5370733911720074     
   1.4039999999999999        1.0997928703359998        1.5441091899517436     
   1.4100000000000001        1.0999645974999999        1.5509500824750000     
   1.4160000000000004        1.0999936092160001        1.5575909506498566     
   1.4219999999999997        1.0998780742360001        1.5640266215635918     
   1.4279999999999999        1.0996161535360001        1.5702518672494081     
   1.4340000000000002        1.0992060003160000        1.5762614044531442     
   1.4400000000000004        1.0986457600000001        1.5820498944000005     
   1.4459999999999997        1.0979335702360000        1.5876119425612558     
   1.4520000000000000        1.0970675608960001        1.5929420984209921     
   1.4580000000000002        1.0960458540760001        1.5980348552428083     
   1.4640000000000004        1.0948665640960000        1.6028846498365446     
   1.4699999999999998        1.0935277975000002        1.6074858623249999     
   1.4760000000000000        1.0920276530560000        1.6118328159106561     
   1.4820000000000002        1.0903642217560001        1.6159197766423925     
   1.4880000000000004        1.0885355868160000        1.6197409531822085     
   1.4939999999999998        1.0865398236760002        1.6232904965719441     
   1.5000000000000000        1.0843750000000001        1.6265625000000001     
   1.5060000000000002        1.0820391756759999        1.6295509985680561     
   1.5120000000000005        1.0795304028159998        1.6322499690577921     
   1.5179999999999998        1.0768467257560002        1.6346533296976080     
   1.5240000000000000        1.0739861810560001        1.6367549399293442     
   1.5300000000000002        1.0709467975000000        1.6385486001750003     
   1.5360000000000005        1.0677265960959998        1.6400280516034562     
   1.5419999999999998        1.0643235900760002        1.6411869758971922     
   1.5480000000000000        1.0607357848960000        1.6420189950190081     
   1.5540000000000003        1.0569611782360000        1.6425176709787443     
   1.5600000000000005        1.0529977599999998        1.6426765056000001     
   1.5659999999999998        1.0488435123160003        1.6424889402868563     
   1.5720000000000001        1.0444964095360001        1.6419483557905923     
   1.5780000000000003        1.0399544182359999        1.6410480719764080     
   1.5840000000000005        1.0352154972159997        1.6397813475901442     
   1.5899999999999999        1.0302775975000003        1.6381413800250002     
   1.5960000000000001        1.0251386623360002        1.6361213050882564     
   1.6020000000000003        1.0197966271959999        1.6337141967679922     
   1.6080000000000005        1.0142494197759995        1.6309130669998078     
   1.6139999999999999        1.0084949599960003        1.6277108654335444     
   1.6200000000000001        1.0025311600000000        1.6241004792000000     
   1.6260000000000003       0.99635592415599983        1.6200747326776561     
   1.6319999999999997       0.98996714905600047        1.6156263872593923     
   1.6379999999999999       0.98336272351600007        1.6107481411192079     
   1.6440000000000001       0.97654052857600004        1.6054326289789442     
   1.6500000000000004       0.96949843749999975        1.5996724218750000     
   1.6559999999999997       0.96223431577600049        1.5934600269250565     
   1.6619999999999999       0.95474602111600015        1.5867878870947922     
   1.6680000000000001       0.94703140345599990        1.5796483809646080     
   1.6740000000000004       0.93908830495599949        1.5720338224963435     
   1.6799999999999997       0.93091456000000039        1.5639364608000004     
   1.6859999999999999       0.92250799519600024        1.5553484799004564     
   1.6920000000000002       0.91386642937599971        1.5462619985041917     
   1.6980000000000004       0.90498767359599963        1.5366690697660077     
   1.7039999999999997       0.89586953113600032        1.5265616810557443     
   1.7100000000000000       0.88650979750000003        1.5159317537250001     
   1.7160000000000002       0.87690626041599984        1.5047711428738559     
   1.7220000000000004       0.86705669983599964        1.4930716371175918     
   1.7279999999999998       0.85695888793600039        1.4808249583534085     
   1.7340000000000000       0.84661058911600007        1.4680227615271442     
   1.7400000000000002       0.83600955999999949        1.4546566343999994     
   1.7460000000000004       0.82515354943599917        1.4407180973152549     
   1.7519999999999998       0.81404029849600024        1.4261986029649922     
   1.7580000000000000       0.80266754047599997        1.4110895361568079     
   1.7640000000000002       0.79103300089599982        1.3953822135805438     
   1.7700000000000005       0.77913439749999913        1.3790678835749988     
   1.7759999999999998       0.76696944025600056        1.3621377258946568     
   1.7820000000000000       0.75453583135599978        1.3445828514763916     
   1.7880000000000003       0.74183126521599929        1.3263943022062070     
   1.7940000000000005       0.72885342847599910        1.3075630506859428     
   1.7999999999999998       0.71560000000000068        1.2880800000000010     
   1.8060000000000000       0.70206865087599990        1.2679359834820558     
   1.8120000000000003       0.68825704441599944        1.2471217644817911     
   1.8180000000000005       0.67416283615599903        1.2256280361316065     
   1.8239999999999998       0.65978367385600079        1.2034454211133454     
   1.8300000000000001       0.64511719749999985        1.1805644714249999     
   1.8360000000000003       0.63016103929599954        1.1569756681474552     
   1.8420000000000005       0.61491282367599887        1.1326694212111903     
   1.8479999999999999       0.59937016729600057        1.1076360691630089     
   1.8540000000000001       0.58353067903599953        1.0818658789327431     
   1.8600000000000003       0.56739195999999925        1.0553490455999988     
   1.8659999999999997       0.55095160351600070        1.0280756921608571     
   1.8719999999999999       0.53420719513600057        1.0000358692945930     
   1.8780000000000001       0.51715631263599970       0.97121955513040747     
   1.8840000000000003       0.49979652601599911       0.94161665501414249     
   1.8899999999999997       0.48212539750000083       0.91121700127500138     
   1.8959999999999999       0.46414048153600040       0.88001035299225672     
   1.9020000000000001       0.44583932479599975       0.84798639576199153     
   1.9080000000000004       0.42721946617599871       0.81513474146380571     
   1.9139999999999997       0.40827843679600129       0.78144492802754639     
   1.9199999999999999       0.38901376000000010       0.74690641920000012     
   1.9260000000000002       0.36942295135599990       0.71150860431165586     
   1.9320000000000004       0.34950351865599893       0.67524079804339010     
   1.9379999999999997       0.32925296191600095       0.63809224019320976     
   1.9440000000000000       0.30866877337600007       0.60005209544294413     
   1.9500000000000002       0.28774843749999945       0.56110945312499894     
   1.9560000000000004       0.26648943097599842       0.52125332698905302     
   1.9619999999999997       0.24488922271600089       0.48047265496879366     
   1.9680000000000000       0.22294527385600027       0.43875629894860851     
   1.9740000000000002       0.20065503775599947       0.39609304453034300     
   1.9800000000000004       0.17801595999999797       0.35247160079999607     
   1.9859999999999998       0.15502547839600078       0.30788060009445750     
   1.9920000000000000       0.13168102297599971       0.26230859776819143     
   1.9980000000000002       0.10798001599599916       0.21574407196000633     
   2.0040000000000004        8.3919871935997925E-002  0.16817542335973987     
   2.0099999999999998        5.9497997500001176E-002  0.11959097497500235     
   2.0160000000000000        3.4711791615999132E-002   6.9978971897854250E-002
   2.0220000000000002        9.5586454359981587E-003   1.9327581071588280E-002
   2.0280000000000005       -1.5964057664002773E-002  -3.2375108942597632E-002
   2.0339999999999998       -4.1858942083999651E-002  -8.5141088198855283E-002
   2.0400000000000000       -6.8128640000000296E-002 -0.13898242560000060     
   2.0460000000000003       -9.4775791364001272E-002 -0.19391126913074663     
   2.0520000000000005      -0.12180304390400298      -0.24993984609101419     
   2.0579999999999998      -0.14921305312399991      -0.30708046332919176     
   2.0640000000000001      -0.17700848230400013      -0.36534550747545624     
   2.0700000000000003      -0.20519200250000136      -0.42474744517500285     
   2.0760000000000005      -0.23376629254400250      -0.48529882332134933     
   2.0819999999999999      -0.26273403904400006      -0.54701226928960811     
   2.0880000000000001      -0.29209793638400061      -0.60990049116979328     
   2.0940000000000003      -0.32186068672400125      -0.67397627800005877     
   2.1000000000000005      -0.35202500000000292      -0.73925250000000631     
   2.1059999999999999      -0.38259359392399972      -0.80574210880394337     
   2.1120000000000001      -0.41356919398400116      -0.87345813769421055     
   2.1180000000000003      -0.44495453344400193      -0.94241370183439621     
   2.1239999999999997      -0.47675235334399879       -1.0126219985026532     
   2.1299999999999999      -0.50896540249999944       -1.0840963073249987     
   2.1360000000000001      -0.54159643750400122       -1.1568499905085468     
   2.1420000000000003      -0.57464822272400262       -1.2308964930748139     
   2.1479999999999997      -0.60812353030399890       -1.3062493430929896     
   2.1539999999999999      -0.64202514016400070       -1.3829221519132575     
   2.1600000000000001      -0.67635584000000115       -1.4609286144000027     
   2.1660000000000004      -0.71111842528400171       -1.5402825091651480     
   2.1719999999999997      -0.74631569926399877       -1.6209976988014052     
   2.1779999999999999      -0.78195047296400055       -1.7030881301155931     
   2.1840000000000002      -0.81802556518400138       -1.7865678343618592     
   2.1900000000000004      -0.85454380250000295       -1.8714509274750069     
   2.1959999999999997      -0.89150801926399836       -1.9577516103037402     
   2.2020000000000000      -0.92892105760399968       -2.0454841688440073     
   2.2080000000000002      -0.96678576742400146       -2.1346629744721954     
   2.2140000000000004       -1.0051050064040030       -2.2253024841784632     
   2.2199999999999998       -1.0438816399999986       -2.3174172407999967     
   2.2260000000000000       -1.0831185414440005       -2.4110218732543451     
   2.2320000000000002       -1.1228185917440028       -2.5061310967726143     
   2.2380000000000004       -1.1629846796840031       -2.6027597131327993     
   2.2439999999999998       -1.2036197018239987       -2.7009226108930529     
   2.2500000000000000       -1.2447265625000004       -2.8006347656250008     
   2.2560000000000002       -1.2863081738240014       -2.9019112401469473     
   2.2620000000000005       -1.3283674556840035       -3.0047671847572164     
   2.2679999999999998       -1.3709073357439996       -3.1092178374673907     
   2.2740000000000000       -1.4139307494440008       -3.2152785242356576     
   2.2800000000000002       -1.4574406400000024       -3.3229646592000059     
   2.2860000000000005       -1.5014399584040046       -3.4322917449115553     
   2.2919999999999998       -1.5459316634239988       -3.5432753725678050     
   2.2980000000000000       -1.5909187216039999       -3.6559312222459921     
   2.3040000000000003       -1.6364041072640019       -3.7702750631362609     
   2.3100000000000005       -1.6823908025000049       -3.8863227537750125     
   2.3159999999999998       -1.7288817971839991       -4.0040902422781421     
   2.3220000000000001       -1.7758800889640014       -4.1235935665744110     
   2.3280000000000003       -1.8233886832640023       -4.2448488546385974     
   2.3340000000000005       -1.8714105932840042       -4.3678723247248668     
   2.3399999999999999       -1.9199488399999991       -4.4926802855999979     
   2.3460000000000001       -1.9690064521640016       -4.6192891367767484     
   2.3520000000000003       -2.0185864663040034       -4.7477153687470164     
   2.3580000000000005       -2.0686919267240045       -4.8779755632152035     
   2.3639999999999999       -2.1193258855039989       -5.0100863933314530     
   2.3700000000000001       -2.1704914025000006       -5.1440646239250016     
   2.3760000000000003       -2.2221915453440033       -5.2799271117373525     
   2.3819999999999997       -2.2744293894439975       -5.4176908056556012     
   2.3879999999999999       -2.3272080179839989       -5.5573727469457888     
   2.3940000000000001       -2.3805305219240012       -5.6989900694860589     
   2.4000000000000004       -2.4344000000000037       -5.8425600000000095     
   2.4059999999999997       -2.4888195587239963       -5.9880998582899343     
   2.4119999999999999       -2.5437923123839994       -6.1356270574702068     
   2.4180000000000001       -2.5993213830440025       -6.2851591042003987     
   2.4240000000000004       -2.6554099005440044       -6.4367135989186677     
   2.4299999999999997       -2.7120610024999978       -6.5903082360749936     
   2.4359999999999999       -2.7692778343039999       -6.7459608043645432     
   2.4420000000000002       -2.8270635491240030       -6.9036891869608157     
   2.4480000000000004       -2.8854213079040036       -7.0635113617490024     
   2.4539999999999997       -2.9443542793639974       -7.2254454015592486     
   2.4600000000000000       -3.0038656399999999       -7.3895094743999996     
   2.4660000000000002       -3.0639585740840021       -7.5557218436911500     
   2.4720000000000004       -3.1246362736640059       -7.7241008684974242     
   2.4779999999999998       -3.1859019385639975       -7.8946650037615846     
   2.4840000000000000       -3.2477587763839999       -8.0674328005378548     
   2.4900000000000002       -3.3102100025000016       -8.2424229062250056     
   2.4960000000000004       -3.3732588400640049       -8.4196540647997580     
   2.5019999999999998       -3.4369085200039979       -8.5991451170500017     
   2.5080000000000000       -3.5011622810240004       -8.7809150008081929     
   2.5140000000000002       -3.5660233696040020       -8.9649827511844613     
   2.5200000000000005       -3.6314950400000061       -9.1513675008000170     
   2.5259999999999998       -3.6975805542439986       -9.3400884800203396     
   2.5320000000000000       -3.7642831821440010       -9.5311650171886111     
   2.5380000000000003       -3.8316062012840044       -9.7246165388588039     
   2.5440000000000005       -3.8995528970240043       -9.9204625700290681     
   2.5499999999999998       -3.9681265624999984       -10.118722734374995     
   2.5560000000000000       -4.0373304986240006       -10.319416754482946     
   2.5620000000000003       -4.1071680140840030       -10.522564452083216     
   2.5680000000000005       -4.1776424253440050       -10.728185748283407     
   2.5739999999999998       -4.2487570566439974       -10.936300663801649     
   2.5800000000000001       -4.3205152400000015       -11.146929319200003     
   2.5860000000000003       -4.3929203152040035       -11.360091935117554     
   2.5920000000000005       -4.4659756298240065       -11.575808832503828     
   2.5979999999999999       -4.5396845392039999       -11.794100432851991     
   2.6040000000000001       -4.6140504064640018       -12.014987258432262     
   2.6100000000000003       -4.6890766025000046       -12.238489932525013     
   2.6160000000000005       -4.7647665059840056       -12.464629179654162     
   2.6219999999999999       -4.8411235033639990       -12.693425825820405     
   2.6280000000000001       -4.9181509888640029       -12.924900798734599     
   2.6340000000000003       -4.9958523644840049       -13.159075128050871     
   2.6399999999999997       -5.0742310399999955       -13.395969945599987     
   2.6459999999999999       -5.1532904329639990       -13.635606485622741     
   2.6520000000000001       -5.2330339687040022       -13.878006085003014     
   2.6580000000000004       -5.3134650803240042       -14.123190183501205     
   2.6639999999999997       -5.3945872087039968       -14.371180323987446     
   2.6699999999999999       -5.4764038025000001       -14.621998152674999     
   2.6760000000000002       -5.5589183181440029       -14.875665419353354     
   2.6820000000000004       -5.6421342198440056       -15.132203977621625     
   2.6879999999999997       -5.7260549795839966       -15.391635785121782     
   2.6940000000000000       -5.8106840771239998       -15.653982903772055     
   2.7000000000000002       -5.8960250000000034       -15.919267500000011     
   2.7060000000000004       -5.9820812435240063       -16.187511844975962     
   2.7119999999999997       -6.0688563107839970       -16.458738314846197     
   2.7180000000000000       -6.1563537126440009       -16.732969390966396     
   2.7240000000000002       -6.2445769677440044       -17.010227660134671     
   2.7300000000000004       -6.3335296025000067       -17.290535814825020     
   2.7359999999999998       -6.4232151511039977       -17.573916653420536     
   2.7420000000000000       -6.5136371555240000       -17.860393080446809     
   2.7480000000000002       -6.6047991655040033       -18.149988106805001     
   2.7540000000000004       -6.6967047385640068       -18.442724850005277     
   2.7599999999999998       -6.7893574399999972       -18.738626534399991     
   2.7660000000000000       -6.8827608428840010       -19.037716491417147     
   2.7720000000000002       -6.9769185280640054       -19.340018159793424     
   2.7780000000000005       -7.0718340841640082       -19.645555085807619     
   2.7839999999999998       -7.1675111075839979       -19.954350923513850     
   2.7900000000000000       -7.2639532025000015       -20.266429434975006     
   2.7960000000000003       -7.3611639808640055       -20.581814490495763     
   2.8020000000000005       -7.4591470624040088       -20.900530068856035     
   2.8079999999999998       -7.5579060746239994       -21.222600257544190     
   2.8140000000000001       -7.6574446528039992       -21.548049252990456     
   2.8200000000000003       -7.7577664400000046       -21.876901360800016     
   2.8260000000000005       -7.8588750870440087       -22.209180995986372     
   2.8319999999999999       -7.9607742525439971       -22.544912683204597     
   2.8380000000000001       -8.0634676028840016       -22.884121056984796     
   2.8440000000000003       -8.1669588122240047       -23.226830861965073     
   2.8500000000000005       -8.2712515625000069       -23.573066953125025     
   2.8559999999999999       -8.3763495434239967       -23.922854296018933     
   2.8620000000000001       -8.4822564524839983       -24.276217967009202     
   2.8680000000000003       -8.5889759949440077       -24.633183153499417     
   2.8740000000000006       -8.6965118838440105       -24.993775154167690     
   2.8799999999999999       -8.8048678399999982       -25.358019379199995     
   2.8860000000000001       -8.9140475920040014       -25.725941350523549     
   2.8920000000000003       -9.0240548762240067       -26.097566702039831     
   2.8979999999999997       -9.1348934368039920       -26.472921179857966     
   2.9039999999999999       -9.2465670256639996       -26.852030642528256     
   2.9100000000000001       -9.3590794025000044       -27.234921061275013     
   2.9160000000000004       -9.4724343347840083       -27.621618520230172     
   2.9219999999999997       -9.5866355977639923       -28.012149216666383     
   2.9279999999999999       -9.7016869744639997       -28.406539461230590     
   2.9340000000000002       -9.8175922556840032       -28.804815678176865     
   2.9400000000000004       -9.9343552400000110       -29.207004405600035     
   2.9459999999999997       -10.051979733763996       -29.613132295668731     
   2.9520000000000000       -10.170469551104002       -30.023226114859014     
   2.9580000000000002       -10.289828513924004       -30.437312744187206     
   2.9640000000000004       -10.410060451904007       -30.855419179443480     
   2.9699999999999998       -10.531169202499994       -31.277572531424980     
   2.9760000000000000       -10.653158610944002       -31.703800026169350     
   2.9820000000000002       -10.776032530244008       -32.134129005187631     
   2.9880000000000004       -10.899794821184011       -32.568586925697829     
   2.9939999999999998       -11.024449352323995       -33.007201360858041     
   3.0000000000000000       -11.150000000000000       -33.450000000000003     
